calibration_date: '2026-01-03 16:14:38'
camera_matrix:
- - 646.6109717832863
  - 0.0
  - 628.8411358027224
- - 0.0
  - 645.882959701237
  - 406.4600694655044
- - 0.0
  - 0.0
  - 1.0
checkerboard_size:
- 11
- 8
dist_coeffs:
- 0.1682525132762427
- -0.2089559166471723
- -0.001088611891082576
- 0.0008437439983298706
- 0.08540210989205511
image_height: 720
image_width: 1280
mean_reprojection_error: 0.015894401907773328
num_images: 28
reprojection_error: 0.15283270401083227
